0	file:/data/arXiv_mallet_data/cstartopos_preamble.txt	0.03571428571428571	0.03571428571428571	0.03571428571428571	0.03571428571428571	0.03571428571428571	0.03571428571428571	0.17857142857142858	0.03571428571428571	0.03571428571428571	0.03571428571428571	0.17857142857142858	0.03571428571428571	0.03571428571428571	0.03571428571428571	0.03571428571428571	0.03571428571428571	0.03571428571428571	0.03571428571428571	0.03571428571428571	0.03571428571428571
1	file:/data/arXiv_mallet_data/cscq22.txt	0.012079222286709228	3.627394080092861E-5	1.8136970400464307E-4	0.026443702843876957	3.627394080092861E-5	1.8136970400464307E-4	3.627394080092861E-5	3.627394080092861E-5	3.627394080092861E-5	3.627394080092861E-5	3.627394080092861E-5	3.627394080092861E-5	3.627394080092861E-5	3.627394080092861E-5	1.8136970400464307E-4	3.264654672083575E-4	0.004098955310504933	0.016867382472431806	0.9392411491584446	3.627394080092861E-5
2	file:/data/arXiv_mallet_data/csqcd.txt	4.230118443316413E-5	0.020854483925549915	0.031006768189509305	4.230118443316413E-5	4.230118443316413E-5	0.23591370558375635	2.1150592216582064E-4	4.230118443316413E-5	7.191201353637902E-4	4.230118443316413E-5	0.040313028764805414	3.8071065989847715E-4	4.230118443316413E-5	4.230118443316413E-5	4.230118443316413E-5	0.5888747884940778	4.230118443316413E-5	3.8071065989847715E-4	0.08092216582064297	4.230118443316413E-5
3	file:/data/arXiv_mallet_data/csp_Arxiv.txt	0.17857142857142858	0.03571428571428571	0.03571428571428571	0.03571428571428571	0.03571428571428571	0.03571428571428571	0.03571428571428571	0.03571428571428571	0.03571428571428571	0.17857142857142858	0.03571428571428571	0.03571428571428571	0.03571428571428571	0.03571428571428571	0.03571428571428571	0.03571428571428571	0.03571428571428571	0.03571428571428571	0.03571428571428571	0.03571428571428571
4	file:/data/arXiv_mallet_data/cstar-100120.txt	0.0011036094520903662	0.0018826278888600364	0.7884315762139704	6.491820306413918E-5	6.491820306413918E-5	6.491820306413918E-5	0.02291612568164113	6.491820306413918E-5	3.2459101532069593E-4	0.008374448195273955	0.0026616463256297065	3.2459101532069593E-4	0.0013632822643469228	0.006816411321734614	6.491820306413918E-5	5.842638275772526E-4	0.1395092183848351	6.491820306413918E-5	0.025253180991950144	6.491820306413918E-5
5	file:/data/arXiv_mallet_data/css_ms.txt	0.03571428571428571	0.17857142857142858	0.03571428571428571	0.03571428571428571	0.03571428571428571	0.03571428571428571	0.03571428571428571	0.03571428571428571	0.03571428571428571	0.03571428571428571	0.03571428571428571	0.03571428571428571	0.03571428571428571	0.03571428571428571	0.03571428571428571	0.03571428571428571	0.17857142857142858	0.03571428571428571	0.03571428571428571	0.03571428571428571
6	file:/data/arXiv_mallet_data/cs-12.txt	0.03571428571428571	0.03571428571428571	0.03571428571428571	0.03571428571428571	0.03571428571428571	0.03571428571428571	0.03571428571428571	0.03571428571428571	0.03571428571428571	0.03571428571428571	0.03571428571428571	0.03571428571428571	0.03571428571428571	0.03571428571428571	0.03571428571428571	0.17857142857142858	0.17857142857142858	0.03571428571428571	0.03571428571428571	0.03571428571428571
7	file:/data/arXiv_mallet_data/csip.txt	0.03571428571428571	0.03571428571428571	0.03571428571428571	0.03571428571428571	0.03571428571428571	0.03571428571428571	0.03571428571428571	0.03571428571428571	0.03571428571428571	0.03571428571428571	0.03571428571428571	0.03571428571428571	0.17857142857142858	0.03571428571428571	0.03571428571428571	0.17857142857142858	0.03571428571428571	0.03571428571428571	0.03571428571428571	0.03571428571428571
8	file:/data/arXiv_mallet_data/csedgwick.txt	0.0021106941838649157	0.06402439024390244	0.9045497185741088	2.3452157598499062E-4	0.00398686679174484	2.3452157598499062E-4	0.005863039399624765	0.0011726078799249532	0.0011726078799249532	0.004924953095684803	0.0011726078799249532	2.3452157598499062E-4	2.3452157598499062E-4	2.3452157598499062E-4	2.3452157598499062E-4	0.0021106941838649157	2.3452157598499062E-4	2.3452157598499062E-4	0.0011726078799249532	0.005863039399624765
9	file:/data/arXiv_mallet_data/csenm.txt	0.011276891047883415	1.7349063150589867E-4	0.11537126995142262	1.7349063150589867E-4	1.7349063150589867E-4	0.09385843164469118	1.7349063150589867E-4	0.045281054823039554	0.001561415683553088	1.7349063150589867E-4	1.7349063150589867E-4	0.014746703678001388	1.7349063150589867E-4	0.005031228313671062	1.7349063150589867E-4	1.7349063150589867E-4	0.002255378209576683	0.018910478834142957	0.6476405274115198	0.04250520471894518
10	file:/data/arXiv_mallet_data/cs.txt	0.03571428571428571	0.03571428571428571	0.03571428571428571	0.17857142857142858	0.03571428571428571	0.03571428571428571	0.03571428571428571	0.03571428571428571	0.03571428571428571	0.03571428571428571	0.03571428571428571	0.03571428571428571	0.03571428571428571	0.03571428571428571	0.03571428571428571	0.03571428571428571	0.17857142857142858	0.03571428571428571	0.03571428571428571	0.03571428571428571
11	file:/data/arXiv_mallet_data/csv01.txt	2.3755573422995396E-4	9.136759008844383E-5	9.136759008844383E-5	0.03605365104889993	0.06419486879614063	0.7569073898106864	0.0020649075359988303	1.644616621591989E-4	9.136759008844383E-5	1.644616621591989E-4	1.8273518017688765E-5	1.644616621591989E-4	9.136759008844383E-5	5.299320225129742E-4	6.030260945837293E-4	0.13801988158760325	1.644616621591989E-4	9.136759008844383E-5	1.644616621591989E-4	9.136759008844383E-5
12	file:/data/arXiv_mallet_data/cs-shadow-v2.txt	4.710759374411155E-5	0.664264179385717	0.04922743546259657	4.710759374411155E-5	4.710759374411155E-5	0.23954211418880725	4.710759374411155E-5	4.710759374411155E-5	0.011729790842283776	4.710759374411155E-5	4.710759374411155E-5	4.710759374411155E-5	4.710759374411155E-5	4.2396834369700395E-4	4.710759374411155E-5	0.025673638590540795	8.008290936498964E-4	4.2396834369700395E-4	4.2396834369700395E-4	0.007019031467872621
13	file:/data/arXiv_mallet_data/csjjap0911arxiv.txt	8.523695874531196E-5	8.523695874531196E-5	8.523695874531196E-5	8.523695874531196E-5	8.523695874531196E-5	8.523695874531196E-5	8.523695874531196E-5	8.523695874531196E-5	8.523695874531196E-5	7.671326287078077E-4	8.523695874531196E-5	8.523695874531196E-5	8.523695874531196E-5	7.671326287078077E-4	8.523695874531196E-5	8.523695874531196E-5	4.261847937265598E-4	0.008608932833276508	0.9878111148994204	4.261847937265598E-4
14	file:/data/arXiv_mallet_data/csod_pra_arxiv.txt	0.03571428571428571	0.03571428571428571	0.03571428571428571	0.03571428571428571	0.03571428571428571	0.03571428571428571	0.03571428571428571	0.03571428571428571	0.17857142857142858	0.03571428571428571	0.03571428571428571	0.03571428571428571	0.03571428571428571	0.03571428571428571	0.03571428571428571	0.17857142857142858	0.03571428571428571	0.03571428571428571	0.03571428571428571	0.03571428571428571
15	file:/data/arXiv_mallet_data/csnw_strains.txt	3.0476654882360113E-5	0.004175301718883335	1.5238327441180057E-4	3.0476654882360113E-5	3.0476654882360113E-5	0.07341826161160551	3.0476654882360113E-5	0.03306717054736072	0.5106973058637084	2.74289893941241E-4	0.06805437035231013	6.400097525295624E-4	0.023192734365476045	3.0476654882360113E-5	1.5238327441180057E-4	2.74289893941241E-4	2.74289893941241E-4	3.0476654882360113E-5	0.27480799707424114	0.010636352553943679
16	file:/data/arXiv_mallet_data/css_v24_PESSTO_MN_wcorrections_AP_v11_MN.txt	1.46053630893264E-5	0.005564643337033359	0.9515247999065257	1.46053630893264E-5	0.0035198925045276624	1.898697201612432E-4	0.008660980311970556	7.3026815446632E-5	7.3026815446632E-5	8.325056960916048E-4	0.0021761991003096336	0.0050388502658176085	1.46053630893264E-5	0.006090436408249109	1.46053630893264E-5	1.46053630893264E-5	0.012516796167552725	0.003461471052170357	1.898697201612432E-4	1.46053630893264E-5
17	file:/data/arXiv_mallet_data/cs_spde_final_natbib.txt	7.57529846675959E-5	1.5150596933519181E-5	1.5150596933519181E-5	1.5150596933519181E-5	0.00759044906369311	7.57529846675959E-5	1.3635537240167263E-4	0.873174353069511	1.5150596933519181E-5	0.07031392036846251	7.57529846675959E-5	7.57529846675959E-5	7.57529846675959E-5	1.5150596933519181E-5	7.57529846675959E-5	1.3635537240167263E-4	7.57529846675959E-5	7.57529846675959E-5	1.5150596933519181E-5	0.047951639294588205
18	file:/data/arXiv_mallet_data/cswalk3.txt	3.645377661125693E-4	7.290755322251386E-5	7.290755322251386E-5	7.290755322251386E-5	7.290755322251386E-5	0.005905511811023622	7.290755322251386E-5	3.645377661125693E-4	7.290755322251386E-5	0.0753135024788568	0.16717701953922426	0.1374307378244386	0.01757072032662584	7.290755322251386E-5	7.290755322251386E-5	9.4779819189268E-4	0.4835958005249344	0.004447360746573345	0.10622630504520268	7.290755322251386E-5
19	file:/data/arXiv_mallet_data/csathy-corr5.txt	0.17857142857142858	0.03571428571428571	0.17857142857142858	0.03571428571428571	0.03571428571428571	0.03571428571428571	0.03571428571428571	0.03571428571428571	0.03571428571428571	0.03571428571428571	0.03571428571428571	0.03571428571428571	0.03571428571428571	0.03571428571428571	0.03571428571428571	0.03571428571428571	0.03571428571428571	0.03571428571428571	0.03571428571428571	0.03571428571428571
20	file:/data/arXiv_mallet_data/csidist-ieee.txt	3.1868993920376547E-4	2.4514610707981957E-5	6.128652676995489E-4	2.4514610707981957E-5	3.1868993920376547E-4	2.4514610707981957E-5	0.001103157481859188	0.01904785252010198	2.4514610707981957E-5	2.4514610707981957E-5	2.4514610707981957E-5	2.4514610707981957E-5	0.0039468523239850955	2.4514610707981957E-5	0.0010050990390272603	2.2063149637183762E-4	5.148068248676211E-4	0.8906893508531084	2.4514610707981957E-5	0.08200137281819965
21	file:/data/arXiv_mallet_data/csp.txt	4.701015419330575E-5	0.16759119969913502	0.8003478751410305	4.701015419330575E-5	4.701015419330575E-5	6.111320045129748E-4	4.701015419330575E-5	4.701015419330575E-5	4.701015419330575E-5	4.701015419330575E-5	2.3505077096652876E-4	9.87213238059421E-4	0.004183903723204212	0.0017393757051523129	4.701015419330575E-5	0.001175253854832644	0.021859721699887175	4.701015419330575E-5	6.111320045129748E-4	2.3505077096652876E-4
22	file:/data/arXiv_mallet_data/csps.txt	0.17857142857142858	0.03571428571428571	0.03571428571428571	0.03571428571428571	0.03571428571428571	0.03571428571428571	0.03571428571428571	0.03571428571428571	0.03571428571428571	0.03571428571428571	0.03571428571428571	0.03571428571428571	0.03571428571428571	0.03571428571428571	0.03571428571428571	0.03571428571428571	0.03571428571428571	0.03571428571428571	0.17857142857142858	0.03571428571428571
23	file:/data/arXiv_mallet_data/csathy.txt	0.03571428571428571	0.03571428571428571	0.03571428571428571	0.03571428571428571	0.03571428571428571	0.03571428571428571	0.17857142857142858	0.03571428571428571	0.03571428571428571	0.03571428571428571	0.03571428571428571	0.03571428571428571	0.03571428571428571	0.03571428571428571	0.03571428571428571	0.17857142857142858	0.03571428571428571	0.03571428571428571	0.03571428571428571	0.03571428571428571
24	file:/data/arXiv_mallet_data/csmc.txt	2.2186723464678736E-5	0.002862087326943557	2.2186723464678736E-5	2.2186723464678736E-5	0.030906105786297478	5.546680866169684E-4	2.2186723464678736E-5	1.1093361732339369E-4	2.2186723464678736E-5	0.05034167554135605	2.2186723464678736E-5	0.0022408590699325524	0.001087149449769258	0.01244675186368477	0.009163116790912317	2.2186723464678736E-5	9.096556620518282E-4	2.2186723464678736E-5	0.8891773162939297	2.2186723464678736E-5
25	file:/data/arXiv_mallet_data/csQPT.txt	3.222480020623872E-5	2.900232018561485E-4	3.222480020623872E-5	0.0011923176076308326	3.222480020623872E-5	0.021042794534673885	0.0013212168084557876	0.33658803815416344	3.222480020623872E-5	4.1892240268110337E-4	1.6112400103119361E-4	4.1892240268110337E-4	0.016273524104150554	3.222480020623872E-5	3.222480020623872E-5	3.222480020623872E-5	3.222480020623872E-5	0.07273137406548079	0.41341196184583656	0.13589198246970868
26	file:/data/arXiv_mallet_data/cs_apjl.txt	0.0016825019794140933	0.010391923990498812	0.34451702296120346	4.948535233570863E-4	9.897070467141726E-5	9.897070467141726E-5	0.0012866191607284244	9.897070467141726E-5	9.897070467141726E-5	9.897070467141726E-5	0.6244061757719715	4.948535233570863E-4	9.897070467141726E-5	0.01157957244655582	0.004057798891528108	9.897070467141726E-5	9.897070467141726E-5	9.897070467141726E-5	9.897070467141726E-5	9.897070467141726E-5
27	file:/data/arXiv_mallet_data/csci.txt	4.538120209762001E-4	0.7808087938684953	0.021833400564743848	0.0012605889471561113	4.538120209762001E-4	5.042355788624445E-5	0.010336829366680112	0.0022690601048810004	0.0012605889471561113	0.015580879386849536	0.006302944735780557	4.538120209762001E-4	0.042607906413876566	6.555062525211779E-4	5.042355788624445E-5	0.11098225090762404	0.0018656716417910447	0.0020673658733360227	6.555062525211779E-4	5.042355788624445E-5
28	file:/data/arXiv_mallet_data/csb-obe.txt	0.012323817700507977	2.3252486227373542E-4	1.7886527867210417E-5	1.7886527867210417E-5	5.902554196179437E-4	0.19705587751305717	1.7886527867210417E-5	8.943263933605208E-5	2.3252486227373542E-4	1.7886527867210417E-5	0.07006152965586321	1.7886527867210417E-5	0.04981398011018101	1.7886527867210417E-5	1.7886527867210417E-5	0.6336302496959291	1.7886527867210417E-5	0.027133862774558204	2.3252486227373542E-4	0.008460327681190528
29	file:/data/arXiv_mallet_data/cspaper1_v3.txt	1.4416700305634047E-5	0.016391788247505912	0.9682400092266882	0.01097110893258751	1.4416700305634047E-5	1.4416700305634047E-5	7.208350152817024E-5	1.2975030275070643E-4	1.4416700305634047E-5	1.4416700305634047E-5	1.2975030275070643E-4	1.4416700305634047E-5	1.4416700305634047E-5	1.4416700305634047E-5	1.4416700305634047E-5	0.0019750879418718643	1.4416700305634047E-5	1.4416700305634047E-5	7.208350152817024E-5	0.001859754339426792
30	file:/data/arXiv_mallet_data/csb.txt	0.01153665963925978	9.95549308971656E-4	5.856172405715624E-5	0.018329819629889905	5.856172405715624E-5	0.04386273131881003	5.856172405715624E-5	5.270555165144061E-4	0.015987350667603654	5.270555165144061E-4	0.019032560318575777	0.001229796205200281	0.001464043101428906	0.001229796205200281	5.856172405715624E-5	0.7901733427032092	0.00638322792223003	0.004040758959943781	0.08415319747013351	2.928086202857812E-4
31	file:/data/arXiv_mallet_data/csindexing_arxiv.txt	8.648125086481251E-4	3.4592500345925E-5	0.15625432406254325	0.006814722568147226	3.4592500345925E-5	3.4592500345925E-5	5.88072505880725E-4	0.38248927632489277	0.34651307596513076	3.4592500345925E-5	0.002801992528019925	3.4592500345925E-5	3.4592500345925E-5	0.001556662515566625	3.4592500345925E-5	3.4592500345925E-5	5.88072505880725E-4	3.4592500345925E-5	0.10090632350906323	3.1133250311332503E-4
32	file:/data/arXiv_mallet_data/csliu-PCCP.txt	5.365958360163125E-5	5.365958360163125E-5	5.365958360163125E-5	5.365958360163125E-5	5.365958360163125E-5	2.682979180081563E-4	5.365958360163125E-5	5.365958360163125E-5	5.365958360163125E-5	5.365958360163125E-5	0.0030585962652929814	0.006492809615797381	0.016580811332904056	0.012931959647993131	5.365958360163125E-5	0.004561064606138657	0.022590684696286757	5.365958360163125E-5	0.9328718609143593	5.365958360163125E-5
33	file:/data/arXiv_mallet_data/cs-jsc-100526.txt	3.680367447885997E-4	1.4721469791543988E-5	1.4721469791543988E-5	7.360734895771994E-5	0.9142768814038393	1.4721469791543988E-5	0.007905429278059121	1.4721469791543988E-5	1.4721469791543988E-5	1.4721469791543988E-5	1.4721469791543988E-5	5.446943822871276E-4	1.4721469791543988E-5	1.4721469791543988E-5	0.06997114591920857	1.4721469791543988E-5	3.0915086562242374E-4	3.0915086562242374E-4	1.4721469791543988E-5	0.006079967023907667
34	file:/data/arXiv_mallet_data/csv_paper.txt	0.003787878787878788	0.003787878787878788	0.0946969696969697	0.01893939393939394	0.003787878787878788	0.003787878787878788	0.003787878787878788	0.003787878787878788	0.01893939393939394	0.01893939393939394	0.01893939393939394	0.003787878787878788	0.03409090909090909	0.10984848484848485	0.003787878787878788	0.17045454545454544	0.23106060606060605	0.003787878787878788	0.1856060606060606	0.06439393939393939
35	file:/data/arXiv_mallet_data/cs16vB.txt	1.8404907975460124E-4	8.384458077709612E-4	0.9598568507157464	2.658486707566462E-4	2.0449897750511246E-5	2.0449897750511246E-5	2.0449897750511246E-5	2.0449897750511246E-5	4.294478527607362E-4	2.0449897750511246E-5	1.0224948875255624E-4	2.0449897750511246E-5	2.0449897750511246E-5	2.0449897750511246E-5	0.001002044989775051	2.0449897750511246E-5	0.01801635991820041	1.0224948875255624E-4	0.01899795501022495	2.0449897750511246E-5
36	file:/data/arXiv_mallet_data/cs16schrijver.txt	2.160947359322327E-5	2.160947359322327E-5	0.334882012274181	1.0804736796611635E-4	2.160947359322327E-5	2.160947359322327E-5	0.0037384389316276255	0.014975365200103726	1.0804736796611635E-4	2.160947359322327E-5	0.6223744489584234	2.160947359322327E-5	2.160947359322327E-5	0.01143141153081511	6.266747342034748E-4	2.809231567119025E-4	0.010739908375831964	2.160947359322327E-5	2.809231567119025E-4	2.809231567119025E-4
37	file:/data/arXiv_mallet_data/csmodelAjcp.txt	1.9652543039069255E-5	1.9652543039069255E-5	1.9652543039069255E-5	1.9652543039069255E-5	9.826271519534628E-5	0.10441396116657496	1.9652543039069255E-5	0.07367738385347064	3.3409323166417736E-4	0.07021853627859445	0.526943636506564	1.9652543039069255E-5	0.055518434085370647	1.9652543039069255E-5	2.554830595079003E-4	1.9652543039069255E-5	4.127034038204544E-4	1.9652543039069255E-5	0.13011948746167754	0.03783114535020832
38	file:/data/arXiv_mallet_data/csl3.txt	3.0637254901960784E-5	3.0637254901960784E-5	3.0637254901960784E-5	0.03569240196078431	3.0637254901960784E-5	6.433823529411765E-4	2.7573529411764705E-4	3.0637254901960784E-5	0.0034620098039215685	0.0034620098039215685	6.433823529411765E-4	3.0637254901960784E-5	3.0637254901960784E-5	3.0637254901960784E-5	3.0637254901960784E-5	1.5318627450980392E-4	3.0637254901960784E-5	3.0637254901960784E-5	3.0637254901960784E-5	0.9553002450980392
39	file:/data/arXiv_mallet_data/css1204.txt	6.135872766542313E-4	1.2271745533084627E-4	0.9445562536815236	2.4543491066169253E-5	2.4543491066169253E-5	2.2089141959552328E-4	0.008074808560769683	0.010136461810327901	0.0036569801688592185	2.4543491066169253E-5	0.016026899666208523	2.4543491066169253E-5	2.4543491066169253E-5	0.004442371882976634	1.2271745533084627E-4	7.117612409189083E-4	0.0023807186334184175	3.190653838602003E-4	0.0036569801688592185	0.004835067740035342
40	file:/data/arXiv_mallet_data/cseosbuu3_0313.txt	3.83670963781461E-5	3.83670963781461E-5	0.006484039287906691	1.918354818907305E-4	3.83670963781461E-5	0.003414671577655003	3.83670963781461E-5	1.918354818907305E-4	8.057090239410681E-4	3.83670963781461E-5	0.24036985880908532	3.453038674033149E-4	1.918354818907305E-4	0.0049493554327808475	3.83670963781461E-5	0.6647099447513812	0.001879987722529159	3.453038674033149E-4	0.07293585021485574	0.0029542664211172497
41	file:/data/arXiv_mallet_data/csda.txt	0.0022828072006261415	0.015240455691799286	2.1741020958344205E-5	1.0870510479172102E-4	0.04289503435081311	2.1741020958344205E-5	2.1741020958344205E-5	2.1741020958344205E-5	2.1741020958344205E-5	0.09985650926167493	2.1741020958344205E-5	0.7342595008261588	2.1741020958344205E-5	2.1741020958344205E-5	2.1741020958344205E-5	2.1741020958344205E-5	1.0870510479172102E-4	7.174536916253587E-4	0.09402991564483869	0.010283502913296808
42	file:/data/arXiv_mallet_data/csdyn_oud.txt	0.031733934885989516	0.0030788928179490307	0.8885806608950128	6.40165833434947E-4	3.0484087306426047E-5	7.621021826606511E-4	0.020759663455676137	0.004298256310206072	3.0484087306426047E-5	1.5242043653213022E-4	1.5242043653213022E-4	0.0038105109133032555	0.004298256310206072	0.00246921107182051	1.5242043653213022E-4	2.743567857578344E-4	0.03819656139495183	2.743567857578344E-4	2.743567857578344E-4	3.0484087306426047E-5
43	file:/data/arXiv_mallet_data/cssl.txt	0.03571428571428571	0.03571428571428571	0.17857142857142858	0.03571428571428571	0.03571428571428571	0.03571428571428571	0.03571428571428571	0.03571428571428571	0.03571428571428571	0.17857142857142858	0.03571428571428571	0.03571428571428571	0.03571428571428571	0.03571428571428571	0.03571428571428571	0.03571428571428571	0.03571428571428571	0.03571428571428571	0.03571428571428571	0.03571428571428571
44	file:/data/arXiv_mallet_data/csw.txt	1.7385257301808066E-4	8.692628650904034E-4	0.03981223922114047	8.692628650904034E-4	0.03285813630041724	0.5585883171070932	1.7385257301808066E-4	8.692628650904034E-4	1.7385257301808066E-4	0.0683240611961057	0.08292767732962447	1.7385257301808066E-4	8.692628650904034E-4	0.002260083449235049	1.7385257301808066E-4	0.20949235048678722	8.692628650904034E-4	1.7385257301808066E-4	1.7385257301808066E-4	1.7385257301808066E-4
45	file:/data/arXiv_mallet_data/csi_4d.txt	2.353827323227568E-5	2.353827323227568E-5	1.1769136616137841E-4	0.07647584973166369	2.118444590904811E-4	2.353827323227568E-5	2.353827323227568E-5	2.353827323227568E-5	2.118444590904811E-4	2.353827323227568E-5	2.353827323227568E-5	2.353827323227568E-5	2.353827323227568E-5	0.00501365219847472	0.003036437246963563	2.353827323227568E-5	2.353827323227568E-5	2.118444590904811E-4	2.353827323227568E-5	0.9144383768006779
46	file:/data/arXiv_mallet_data/csi_ml_fingerprinting.txt	1.5617191404297852E-4	0.005528485757121439	3.12343828085957E-5	3.12343828085957E-5	3.12343828085957E-5	4.060469765117441E-4	0.0029047976011994004	0.12784232883558222	3.12343828085957E-5	0.5520052473763118	5.309845077461269E-4	0.013399550224887556	0.05862693653173413	3.12343828085957E-5	2.811094452773613E-4	3.12343828085957E-5	0.23641304347826086	0.0015304847576211895	3.12343828085957E-5	1.5617191404297852E-4
47	file:/data/arXiv_mallet_data/cs-network.txt	0.00296398891966759	9.233610341643583E-6	9.233610341643583E-6	3.4164358264081253E-4	1.9390581717451522E-4	9.233610341643583E-6	9.233610341643583E-6	0.9747460757156048	9.233610341643583E-6	9.233610341643583E-6	4.616805170821791E-5	4.893813481071099E-4	0.018845798707294553	9.233610341643583E-6	0.002188365650969529	9.233610341643583E-6	9.233610341643583E-6	9.233610341643583E-6	9.233610341643583E-6	8.310249307479225E-5
48	file:/data/arXiv_mallet_data/cs136_avril.txt	5.48847420417124E-5	0.0020307354555433588	7.135016465422612E-4	5.48847420417124E-5	5.48847420417124E-5	5.48847420417124E-5	5.48847420417124E-5	4.939626783754116E-4	5.48847420417124E-5	0.0018111964873765093	5.48847420417124E-5	7.135016465422612E-4	2.7442371020856203E-4	0.3690998902305159	0.005543358946212953	0.025082327113062568	5.48847420417124E-5	0.013666300768386389	0.5794182217343579	7.135016465422612E-4
49	file:/data/arXiv_mallet_data/csd.txt	3.36157052574963E-5	0.0048742772623369636	3.36157052574963E-5	3.36157052574963E-5	3.36157052574963E-5	0.02235444399623504	3.36157052574963E-5	3.36157052574963E-5	0.001781632378647304	1.680785262874815E-4	0.5507933306440769	5.714669893774371E-4	3.36157052574963E-5	3.36157052574963E-5	4.370041683474519E-4	3.36157052574963E-5	3.36157052574963E-5	7.059298104074224E-4	0.36402447223342743	0.05395320693828157
50	file:/data/arXiv_mallet_data/csga_Xian2004.txt	0.001129635400436273	0.004245870987846681	3.505765035836709E-4	0.6980757245247741	3.89529448426301E-5	0.09337020878778436	3.89529448426301E-5	3.505765035836709E-4	3.505765035836709E-4	0.0012854471798067935	0.20010127765659083	3.89529448426301E-5	3.89529448426301E-5	3.89529448426301E-5	3.89529448426301E-5	3.89529448426301E-5	3.89529448426301E-5	3.89529448426301E-5	3.505765035836709E-4	3.89529448426301E-5
51	file:/data/arXiv_mallet_data/cshc-edera-bromberg-schluter.txt	0.0013119227539882452	6.821998320738875E-4	2.6238455079764903E-4	0.00530016792611251	0.002151553316540722	5.2476910159529805E-5	5.2476910159529805E-5	0.0023614609571788415	6.821998320738875E-4	0.02734047019311503	5.2476910159529805E-5	0.0015218303946263644	0.7334697732997482	5.2476910159529805E-5	0.050640218303946265	6.821998320738875E-4	5.2476910159529805E-5	0.0034109991603694374	5.2476910159529805E-5	0.169867758186398
52	file:/data/arXiv_mallet_data/cs7.txt	0.03571428571428571	0.03571428571428571	0.03571428571428571	0.17857142857142858	0.03571428571428571	0.03571428571428571	0.03571428571428571	0.03571428571428571	0.17857142857142858	0.03571428571428571	0.03571428571428571	0.03571428571428571	0.03571428571428571	0.03571428571428571	0.03571428571428571	0.03571428571428571	0.03571428571428571	0.03571428571428571	0.03571428571428571	0.03571428571428571
53	file:/data/arXiv_mallet_data/csmag_paper_arxiv.txt	0.03571428571428571	0.03571428571428571	0.03571428571428571	0.03571428571428571	0.03571428571428571	0.03571428571428571	0.03571428571428571	0.17857142857142858	0.03571428571428571	0.03571428571428571	0.03571428571428571	0.03571428571428571	0.03571428571428571	0.03571428571428571	0.03571428571428571	0.17857142857142858	0.03571428571428571	0.03571428571428571	0.03571428571428571	0.03571428571428571
54	file:/data/arXiv_mallet_data/csma-v09.txt	0.009609355405066466	0.006536869826937547	1.567594682718836E-5	0.0011443441183847504	0.002649235013794833	0.01424943566591422	1.4108352144469525E-4	0.9179991221469777	0.007853649360421369	1.567594682718836E-5	0.01682029094557311	1.567594682718836E-5	0.0035270880361173815	1.567594682718836E-5	1.567594682718836E-5	1.567594682718836E-5	0.016506772009029346	7.83797341359418E-5	1.567594682718836E-5	0.00277464258841234
55	file:/data/arXiv_mallet_data/csqcdIII_Ang.txt	0.0028486163863266412	1.3564839934888768E-4	0.19981009224091156	1.3564839934888768E-4	6.782419967444384E-4	0.06144872490504612	0.00176342919153554	1.3564839934888768E-4	0.004476397178513294	0.015328269126424309	0.005561584373304395	1.3564839934888768E-4	0.0028486163863266412	1.3564839934888768E-4	6.782419967444384E-4	0.5828811720021704	0.01695604991861096	0.0012208355941399891	0.09997287032013022	0.0028486163863266412
56	file:/data/arXiv_mallet_data/cspc.txt	0.17857142857142858	0.03571428571428571	0.03571428571428571	0.03571428571428571	0.03571428571428571	0.03571428571428571	0.03571428571428571	0.03571428571428571	0.03571428571428571	0.03571428571428571	0.03571428571428571	0.03571428571428571	0.03571428571428571	0.03571428571428571	0.03571428571428571	0.03571428571428571	0.03571428571428571	0.03571428571428571	0.03571428571428571	0.17857142857142858
57	file:/data/arXiv_mallet_data/csqcd_rosana.txt	3.9872408293460925E-4	3.9872408293460925E-4	0.0035885167464114833	0.017942583732057416	3.9872408293460925E-4	0.0035885167464114833	3.9872408293460925E-4	3.9872408293460925E-4	0.001993620414673046	3.9872408293460925E-4	0.3018341307814992	3.9872408293460925E-4	3.9872408293460925E-4	3.9872408293460925E-4	3.9872408293460925E-4	0.5506379585326954	3.9872408293460925E-4	3.9872408293460925E-4	0.11523125996810207	3.9872408293460925E-4
58	file:/data/arXiv_mallet_data/csq13_final.txt	4.514917286715307E-4	0.04097738929422813	0.08973849599075345	0.008253268800115583	8.126851116087553E-4	1.6253702232175106E-4	1.805966914686123E-5	4.514917286715307E-4	1.805966914686123E-5	0.0022574586433576536	0.8512063858990103	1.805966914686123E-5	0.0015350718774832044	0.003846709528281442	1.805966914686123E-5	1.6253702232175106E-4	1.805966914686123E-5	1.805966914686123E-5	1.805966914686123E-5	1.805966914686123E-5
59	file:/data/arXiv_mallet_data/cs2.txt	0.00264277869302581	3.43218012081274E-5	3.43218012081274E-5	3.088962108731466E-4	3.43218012081274E-5	0.41587726523887975	3.43218012081274E-5	4.461834157056562E-4	3.43218012081274E-5	3.43218012081274E-5	0.019117243272926965	3.43218012081274E-5	0.0033292147171883582	1.7160900604063701E-4	3.43218012081274E-5	0.4642023613399231	3.43218012081274E-5	0.0036037891268533772	0.08899643053267435	9.953322350356947E-4
60	file:/data/arXiv_mallet_data/csedgwick_fuhyu_paper_rev3a.txt	4.0756439517443756E-5	0.029385392892076947	0.9553716987283991	4.0756439517443756E-5	2.0378219758721878E-4	4.0756439517443756E-5	0.009822301923703945	4.0756439517443756E-5	4.0756439517443756E-5	5.298337137267688E-4	4.0756439517443756E-5	4.0756439517443756E-5	0.001181936746005869	4.0756439517443756E-5	3.668079556569938E-4	5.298337137267688E-4	0.001671014020215194	5.298337137267688E-4	4.0756439517443756E-5	4.0756439517443756E-5
61	file:/data/arXiv_mallet_data/csisns.txt	2.3496240601503758E-4	0.010155597326649958	0.15217731829573936	2.6106934001670842E-5	2.6106934001670842E-5	2.6106934001670842E-5	7.571010860484544E-4	0.012766290726817042	7.571010860484544E-4	2.6106934001670842E-5	0.0015925229741019214	2.6106934001670842E-5	2.6106934001670842E-5	0.3454730576441103	2.6106934001670842E-5	0.3302266081871345	0.019658521303258146	2.6106934001670842E-5	0.1259659565580618	2.6106934001670842E-5
62	file:/data/arXiv_mallet_data/cssplit.txt	0.0011027095148078135	4.725897920604915E-4	5.250997689561016E-5	0.01664566267590842	5.250997689561016E-5	5.250997689561016E-5	5.250997689561016E-5	0.9267485822306238	5.250997689561016E-5	5.250997689561016E-5	0.0015227893299726949	5.250997689561016E-5	0.03113841629909683	5.250997689561016E-5	5.250997689561016E-5	5.250997689561016E-5	0.001942869145137576	0.01874606175173283	5.250997689561016E-5	0.0011027095148078135
63	file:/data/arXiv_mallet_data/csontos_ag2s_doublecol.txt	3.671071953010279E-4	0.035609397944199705	0.05763582966226138	3.671071953010279E-4	3.671071953010279E-4	0.007709251101321586	0.041483113069016156	0.06497797356828194	0.009177679882525698	0.0855359765051395	0.1751101321585903	3.671071953010279E-4	0.037077826725403815	0.08847283406754772	0.0018355359765051395	3.671071953010279E-4	0.0018355359765051395	0.03267254038179148	0.35866372980910427	3.671071953010279E-4
64	file:/data/arXiv_mallet_data/cstva.txt	3.987876854362737E-5	3.987876854362737E-5	1.9939384271813686E-4	3.987876854362737E-5	0.09319668208645716	1.9939384271813686E-4	0.004187270697080874	3.987876854362737E-5	3.987876854362737E-5	3.987876854362737E-5	3.987876854362737E-5	3.987876854362737E-5	0.6387382357632796	3.987876854362737E-5	0.02460520019141809	3.987876854362737E-5	3.987876854362737E-5	0.23803636943691178	1.9939384271813686E-4	1.9939384271813686E-4
65	file:/data/arXiv_mallet_data/css_qed2_phi4_v3.txt	0.003392288976230582	0.626263335204941	2.339509638779712E-5	2.339509638779712E-5	0.011814523675837544	0.13608927568781584	2.339509638779712E-5	0.11718603780647577	2.339509638779712E-5	7.720381807973049E-4	5.84877409694928E-4	2.339509638779712E-5	1.1697548193898558E-4	2.1055586749017406E-4	2.339509638779712E-5	0.03155998502713831	0.004047351675088902	2.339509638779712E-5	2.339509638779712E-5	0.06777559423544825
66	file:/data/arXiv_mallet_data/cssa.txt	4.5240680419833514E-5	0.002035830618892508	4.5240680419833514E-5	4.5240680419833514E-5	0.11531849439015562	4.5240680419833514E-5	0.07804017372421282	0.0023977560622511765	4.5240680419833514E-5	0.05342924357582338	4.5240680419833514E-5	4.5240680419833514E-5	0.10373688020267825	0.4263934129569309	0.04582880926529135	4.5240680419833514E-5	0.01940825190010858	0.1527777777777778	2.2620340209916756E-4	4.5240680419833514E-5
67	file:/data/arXiv_mallet_data/csanad_ismd13.txt	7.730083666787923E-4	0.006229538013823209	0.06643324845398327	4.5471080392870135E-5	2.2735540196435066E-4	4.5471080392870135E-5	4.5471080392870135E-5	9.548926882502728E-4	0.004046926154965442	0.06079483448526737	0.004956347762822845	4.0923972353583123E-4	0.02696435067297199	0.018415787559112405	5.911240451073117E-4	0.8047017097126228	4.5471080392870135E-5	0.004228810476536922	4.5471080392870135E-5	4.5471080392870135E-5
68	file:/data/arXiv_mallet_data/csma_analysis_commlett_final.txt	4.437344692935747E-5	4.437344692935747E-5	2.2186723464678737E-4	4.437344692935747E-5	2.2186723464678737E-4	4.437344692935747E-5	2.2186723464678737E-4	0.8229055733049343	0.0043042243521476745	4.437344692935747E-5	0.07476925807596733	4.437344692935747E-5	0.06766950656727015	4.437344692935747E-5	4.437344692935747E-5	4.437344692935747E-5	0.022053603123890663	0.006434149804756833	7.54348597799077E-4	4.437344692935747E-5
69	file:/data/arXiv_mallet_data/cs-continuation-4.txt	1.6407429283979787E-5	2.132965806917372E-4	1.6407429283979787E-5	2.132965806917372E-4	0.034931416945592965	1.6407429283979787E-5	8.203714641989892E-5	0.9364212115245784	8.203714641989892E-5	8.203714641989892E-5	1.6407429283979787E-5	1.6407429283979787E-5	1.6407429283979787E-5	1.6407429283979787E-5	1.6407429283979787E-5	1.6407429283979787E-5	1.6407429283979787E-5	1.6407429283979787E-5	1.6407429283979787E-5	0.027777777777777776
70	file:/data/arXiv_mallet_data/cs-10.txt	5.085435313262815E-5	0.06453417412530513	0.07206061838893409	5.085435313262815E-5	2.542717656631408E-4	5.085435313262815E-5	0.02832587469487388	0.033207892595606185	0.017544751830756714	0.02263018714401953	0.06026240846216436	6.611065907241659E-4	5.085435313262815E-5	0.054973555736371034	5.085435313262815E-5	0.6115235964198535	0.019782343368592352	0.012255899104963384	0.0016781936533767292	5.085435313262815E-5
71	file:/data/arXiv_mallet_data/cspn_barca_poster.txt	1.0469011725293132E-4	1.0469011725293132E-4	0.938965661641541	1.0469011725293132E-4	1.0469011725293132E-4	5.234505862646566E-4	1.0469011725293132E-4	0.004711055276381909	1.0469011725293132E-4	0.044493299832495815	0.0026172529313232833	0.0017797319932998325	0.0017797319932998325	1.0469011725293132E-4	1.0469011725293132E-4	1.0469011725293132E-4	1.0469011725293132E-4	1.0469011725293132E-4	0.003873534338358459	1.0469011725293132E-4
72	file:/data/arXiv_mallet_data/cst_v2_ARC.txt	0.03571428571428571	0.03571428571428571	0.17857142857142858	0.03571428571428571	0.03571428571428571	0.03571428571428571	0.03571428571428571	0.17857142857142858	0.03571428571428571	0.03571428571428571	0.03571428571428571	0.03571428571428571	0.03571428571428571	0.03571428571428571	0.03571428571428571	0.03571428571428571	0.03571428571428571	0.03571428571428571	0.03571428571428571	0.03571428571428571
73	file:/data/arXiv_mallet_data/cs_sakellariadou.txt	2.4678196319987366E-5	0.8298833214877991	6.416331043196715E-5	4.935639263997473E-6	4.935639263997473E-6	0.15993939034983812	4.4420753375977256E-5	4.935639263997473E-6	0.005947445313116955	4.935639263997473E-6	2.4184632393587619E-4	4.935639263997473E-6	4.935639263997473E-6	4.935639263997473E-6	4.4420753375977256E-5	0.003736278922846087	4.935639263997473E-6	2.4678196319987366E-5	4.935639263997473E-6	4.935639263997473E-6
74	file:/data/arXiv_mallet_data/csj.txt	4.463488662738796E-5	0.0018300303517229067	7.587930726655954E-4	4.463488662738796E-5	0.00700767720049991	2.2317443313693984E-4	2.2317443313693984E-4	4.463488662738796E-5	4.463488662738796E-5	4.463488662738796E-5	0.09770576682735226	4.017139796464917E-4	0.007543295840028566	4.463488662738796E-5	4.463488662738796E-5	0.8297179075165149	9.373326191751473E-4	4.463488662738796E-5	0.052535261560435635	7.587930726655954E-4
75	file:/data/arXiv_mallet_data/csbswpaper.txt	2.741829348541347E-5	2.741829348541347E-5	2.741829348541347E-5	2.741829348541347E-5	2.741829348541347E-5	0.5300778679534985	2.741829348541347E-5	0.0014531695547269137	2.467646413687212E-4	0.03852270234700592	5.757841631936828E-4	2.741829348541347E-5	2.741829348541347E-5	2.741829348541347E-5	1.3709146742706734E-4	0.4286301820574687	2.741829348541347E-5	2.741829348541347E-5	2.741829348541347E-5	2.741829348541347E-5
76	file:/data/arXiv_mallet_data/csanad_wpcf08.txt	0.00569932224276032	1.5403573629081948E-4	1.5403573629081948E-4	1.5403573629081948E-4	1.5403573629081948E-4	0.10489833641404805	1.5403573629081948E-4	1.5403573629081948E-4	1.5403573629081948E-4	0.003234750462107209	0.6926987060998152	0.0013863216266173752	0.002618607516943931	1.5403573629081948E-4	7.701786814540973E-4	0.11414048059149723	0.002002464571780653	0.045132470733210105	0.007547751078250154	0.018638324091189155
77	file:/data/arXiv_mallet_data/cspob.txt	0.038765359859567	0.14935634874195436	0.6303393797542423	7.314218841427735E-4	1.462843768285547E-4	7.314218841427735E-4	1.462843768285547E-4	1.462843768285547E-4	7.314218841427735E-4	1.462843768285547E-4	0.09084259801053247	1.462843768285547E-4	1.462843768285547E-4	0.023551784669397308	0.0013165593914569924	7.314218841427735E-4	0.058660035108250436	0.0013165593914569924	0.0019016968987712111	1.462843768285547E-4
78	file:/data/arXiv_mallet_data/csymFINv2.txt	8.351572399493145E-4	0.003945397995622624	2.8798525515493607E-5	0.029979265061628846	2.8798525515493607E-5	0.9289540375532773	2.8798525515493607E-5	1.4399262757746803E-4	0.004406174403870522	2.8798525515493607E-5	2.8798525515493607E-5	2.8798525515493607E-5	2.8798525515493607E-5	2.8798525515493607E-5	2.8798525515493607E-5	2.8798525515493607E-5	2.8798525515493607E-5	2.8798525515493607E-5	1.4399262757746803E-4	0.031246400184310564
79	file:/data/arXiv_mallet_data/csd_from_incomplete_v3.txt	0.010141661300708307	0.004561064606138657	5.365958360163125E-5	5.365958360163125E-5	5.365958360163125E-5	0.0011268512556342563	0.003917149602919081	0.2601953208843099	0.0041317879373256065	0.49286327538098307	0.21361880231809402	5.365958360163125E-5	5.365958360163125E-5	5.365958360163125E-5	2.682979180081563E-4	5.365958360163125E-5	5.365958360163125E-5	0.0037025112685125563	2.682979180081563E-4	0.004775702940545181
80	file:/data/arXiv_mallet_data/cs_decay_letter.txt	0.03571428571428571	0.03571428571428571	0.03571428571428571	0.03571428571428571	0.03571428571428571	0.03571428571428571	0.03571428571428571	0.03571428571428571	0.03571428571428571	0.03571428571428571	0.03571428571428571	0.03571428571428571	0.03571428571428571	0.03571428571428571	0.03571428571428571	0.32142857142857145	0.03571428571428571	0.03571428571428571	0.03571428571428571	0.03571428571428571
81	file:/data/arXiv_mallet_data/cs09-9.txt	6.8643602416254804E-6	6.8643602416254804E-6	3.43218012081274E-5	6.177924217462933E-5	6.8643602416254804E-6	3.43218012081274E-5	6.8643602416254804E-6	6.8643602416254804E-6	3.43218012081274E-5	6.8643602416254804E-6	6.8643602416254804E-6	6.8643602416254804E-6	6.8643602416254804E-6	6.8643602416254804E-6	1.441515650741351E-4	0.9992105985722131	3.43218012081274E-5	3.43218012081274E-5	6.8643602416254804E-6	3.3635365183964857E-4
82	file:/data/arXiv_mallet_data/cs-gauge.txt	4.63624056525045E-6	2.3181202826252247E-5	4.63624056525045E-6	2.3181202826252247E-5	4.63624056525045E-6	4.63624056525045E-6	4.63624056525045E-6	4.63624056525045E-6	0.9997450067689112	4.63624056525045E-6	4.63624056525045E-6	6.027112734825585E-5	4.63624056525045E-6	4.63624056525045E-6	4.63624056525045E-6	2.3181202826252247E-5	6.027112734825585E-5	4.63624056525045E-6	4.63624056525045E-6	4.63624056525045E-6
83	file:/data/arXiv_mallet_data/cstatdust.txt	4.567878677142335E-5	0.03220354467385346	0.04207016261648091	4.567878677142335E-5	4.567878677142335E-5	0.783345514343139	4.567878677142335E-5	2.2839393385711677E-4	2.2839393385711677E-4	4.567878677142335E-5	0.1367166088068701	4.567878677142335E-5	4.111090809428102E-4	0.0029691211401425177	4.567878677142335E-5	5.938242280285036E-4	2.2839393385711677E-4	5.938242280285036E-4	4.567878677142335E-5	4.567878677142335E-5
84	file:/data/arXiv_mallet_data/csp2008_19_okhotin.txt	0.18472680601393474	0.006142280894756142	2.75027502750275E-4	0.0012529030680845862	0.019343601026769342	6.417308397506417E-4	3.055861141669723E-5	0.0012529030680845862	3.055861141669723E-5	5.194963940838528E-4	3.055861141669723E-5	3.055861141669723E-5	0.009564845373426232	3.055861141669723E-5	0.1715254858819215	3.055861141669723E-5	1.5279305708348613E-4	0.6039909546510207	3.055861141669723E-5	3.9726194841706395E-4
85	file:/data/arXiv_mallet_data/csp08_submission_23.txt	0.05002515934250252	0.009770211338477022	0.03056860114055686	3.7739013753773903E-4	0.05086380409258638	0.11711673934921167	0.02419490103991949	0.015808453539080846	5.451190875545119E-4	4.1932237504193224E-5	0.03492955384099296	0.0023901375377390136	0.014466621938946662	4.1932237504193224E-5	0.45005870513250584	0.005576987588057699	0.11795538409929554	0.07132673599463267	4.1932237504193224E-5	0.0038996980878899697
