"V1"	"V2"	"V3"	"V4"	"V5"	"V6"	"V7"	"V8"	"V9"	"V10"	"V11"	"V12"	"V13"	"V14"	"V15"	"V16"	"V17"	"V18"	"V19"	"V20"	"V21"	"V22"
"file:/home/evly/tmt/to_mallet/cs-10_0.txt"	852	"file:/home/evly/tmt/to_mallet/cs-10_0.txt"	"0.0026041666666666665"	"0.4609375"	"0.0026041666666666665"	"0.0026041666666666665"	"0.0234375"	"0.0026041666666666665"	"0.0234375"	"0.0026041666666666665"	"0.044270833333333336"	"0.0026041666666666665"	"0.033854166666666664"	"0.2421875"	"0.013020833333333334"	"0.0546875"	"0.0234375"	"0.0234375"	"0.0026041666666666665"	"0.0026041666666666665"	"0.033854166666666664"	"0.0026041666666666665"
"file:/home/evly/tmt/to_mallet/cs-10_1.txt"	506	"file:/home/evly/tmt/to_mallet/cs-10_1.txt"	"0.001808972503617945"	"0.48516642547033284"	"0.02930535455861071"	"0.04377713458755427"	"0.001808972503617945"	"0.001808972503617945"	"0.003256150506512301"	"0.007597684515195369"	"0.001808972503617945"	"0.05390738060781476"	"0.01772793053545586"	"0.197178002894356"	"0.003256150506512301"	"0.024963820549927643"	"0.001808972503617945"	"3.61794500723589E-4"	"3.61794500723589E-4"	"3.61794500723589E-4"	"0.05101302460202605"	"0.07272069464544138"
"file:/home/evly/tmt/to_mallet/cs-10_2.txt"	664	"file:/home/evly/tmt/to_mallet/cs-10_2.txt"	"0.015202702702702704"	"0.4341216216216216"	"0.0016891891891891893"	"0.02195945945945946"	"0.0016891891891891893"	"0.0016891891891891893"	"0.0016891891891891893"	"0.0016891891891891893"	"0.0016891891891891893"	"0.07601351351351351"	"0.008445945945945946"	"0.1097972972972973"	"0.015202702702702704"	"0.008445945945945946"	"0.0016891891891891893"	"0.03547297297297297"	"0.015202702702702704"	"0.0016891891891891893"	"0.048986486486486486"	"0.19763513513513514"
"file:/home/evly/tmt/to_mallet/cs-10_3.txt"	581	"file:/home/evly/tmt/to_mallet/cs-10_3.txt"	"0.025184275184275184"	"0.4355036855036855"	"6.142506142506142E-4"	"6.142506142506142E-4"	"0.03501228501228501"	"6.142506142506142E-4"	"6.142506142506142E-4"	"6.142506142506142E-4"	"6.142506142506142E-4"	"0.003071253071253071"	"6.142506142506142E-4"	"0.30773955773955775"	"0.010442260442260442"	"6.142506142506142E-4"	"6.142506142506142E-4"	"0.012899262899262898"	"0.07432432432432433"	"0.003071253071253071"	"0.0866093366093366"	"6.142506142506142E-4"
"file:/home/evly/tmt/to_mallet/cs-10_4.txt"	658	"file:/home/evly/tmt/to_mallet/cs-10_4.txt"	"5.091649694501018E-4"	"0.3304480651731161"	"5.091649694501018E-4"	"0.020875763747454174"	"5.091649694501018E-4"	"5.091649694501018E-4"	"0.0025458248472505093"	"5.091649694501018E-4"	"0.0025458248472505093"	"5.091649694501018E-4"	"0.004582484725050916"	"0.19806517311608962"	"0.0025458248472505093"	"5.091649694501018E-4"	"0.006619144602851324"	"0.0025458248472505093"	"0.3365580448065173"	"0.006619144602851324"	"0.053462321792260695"	"0.029022403258655804"
"file:/home/evly/tmt/to_mallet/cs-continuation-4_0.txt"	528	"file:/home/evly/tmt/to_mallet/cs-continuation-4_0.txt"	"5.91016548463357E-4"	"0.005319148936170213"	"0.0076832151300236405"	"0.5159574468085106"	"5.91016548463357E-4"	"0.01950354609929078"	"0.005319148936170213"	"0.014775413711583925"	"0.04550827423167849"	"0.01950354609929078"	"0.06205673758865248"	"0.2771867612293144"	"0.02186761229314421"	"5.91016548463357E-4"	"5.91016548463357E-4"	"5.91016548463357E-4"	"5.91016548463357E-4"	"5.91016548463357E-4"	"5.91016548463357E-4"	"5.91016548463357E-4"
"file:/home/evly/tmt/to_mallet/cs-continuation-4_1.txt"	690	"file:/home/evly/tmt/to_mallet/cs-continuation-4_1.txt"	"3.022974607013301E-4"	"3.022974607013301E-4"	"3.022974607013301E-4"	"0.48639661426844016"	"3.022974607013301E-4"	"3.022974607013301E-4"	"3.022974607013301E-4"	"3.022974607013301E-4"	"0.09824667472793229"	"0.017230955259975818"	"0.22158403869407498"	"0.16837968561064087"	"3.022974607013301E-4"	"0.002720677146311971"	"3.022974607013301E-4"	"3.022974607013301E-4"	"0.0015114873035066505"	"3.022974607013301E-4"	"3.022974607013301E-4"	"3.022974607013301E-4"
"file:/home/evly/tmt/to_mallet/cs-continuation-4_2.txt"	106	"file:/home/evly/tmt/to_mallet/cs-continuation-4_2.txt"	"2.840909090909091E-4"	"2.840909090909091E-4"	"2.840909090909091E-4"	"0.7400568181818182"	"0.007102272727272727"	"0.005965909090909091"	"2.840909090909091E-4"	"0.002556818181818182"	"0.0014204545454545455"	"0.08892045454545454"	"0.024147727272727272"	"0.1252840909090909"	"0.0014204545454545455"	"2.840909090909091E-4"	"2.840909090909091E-4"	"2.840909090909091E-4"	"2.840909090909091E-4"	"2.840909090909091E-4"	"2.840909090909091E-4"	"2.840909090909091E-4"
"file:/home/evly/tmt/to_mallet/cs-continuation-4_3.txt"	120	"file:/home/evly/tmt/to_mallet/cs-continuation-4_3.txt"	"0.002551020408163265"	"0.002551020408163265"	"0.002551020408163265"	"0.5025510204081632"	"0.002551020408163265"	"0.002551020408163265"	"0.02295918367346939"	"0.03316326530612245"	"0.012755102040816327"	"0.002551020408163265"	"0.06377551020408163"	"0.3086734693877551"	"0.002551020408163265"	"0.002551020408163265"	"0.002551020408163265"	"0.002551020408163265"	"0.002551020408163265"	"0.002551020408163265"	"0.002551020408163265"	"0.02295918367346939"
"file:/home/evly/tmt/to_mallet/cs-continuation-4_4.txt"	549	"file:/home/evly/tmt/to_mallet/cs-continuation-4_4.txt"	"0.011363636363636364"	"0.011363636363636364"	"0.011363636363636364"	"0.011363636363636364"	"0.011363636363636364"	"0.011363636363636364"	"0.011363636363636364"	"0.011363636363636364"	"0.011363636363636364"	"0.011363636363636364"	"0.7840909090909091"	"0.011363636363636364"	"0.011363636363636364"	"0.011363636363636364"	"0.011363636363636364"	"0.011363636363636364"	"0.011363636363636364"	"0.011363636363636364"	"0.011363636363636364"	"0.011363636363636364"
"file:/home/evly/tmt/to_mallet/cs-continuation-4_5.txt"	267	"file:/home/evly/tmt/to_mallet/cs-continuation-4_5.txt"	"0.006578947368421052"	"0.08552631578947369"	"0.006578947368421052"	"0.05921052631578947"	"0.006578947368421052"	"0.006578947368421052"	"0.03289473684210526"	"0.006578947368421052"	"0.006578947368421052"	"0.006578947368421052"	"0.6381578947368421"	"0.08552631578947369"	"0.006578947368421052"	"0.006578947368421052"	"0.006578947368421052"	"0.006578947368421052"	"0.006578947368421052"	"0.006578947368421052"	"0.006578947368421052"	"0.006578947368421052"
"file:/home/evly/tmt/to_mallet/cs-continuation-4_6.txt"	331	"file:/home/evly/tmt/to_mallet/cs-continuation-4_6.txt"	"0.001953125"	"0.001953125"	"0.001953125"	"0.126953125"	"0.017578125"	"0.001953125"	"0.009765625"	"0.001953125"	"0.150390625"	"0.001953125"	"0.666015625"	"0.001953125"	"0.001953125"	"0.001953125"	"0.001953125"	"0.001953125"	"0.001953125"	"0.001953125"	"0.001953125"	"0.001953125"
"file:/home/evly/tmt/to_mallet/cs-continuation-4_7.txt"	70	"file:/home/evly/tmt/to_mallet/cs-continuation-4_7.txt"	"0.00641025641025641"	"0.00641025641025641"	"0.00641025641025641"	"0.03205128205128205"	"0.00641025641025641"	"0.08333333333333333"	"0.00641025641025641"	"0.00641025641025641"	"0.00641025641025641"	"0.03205128205128205"	"0.00641025641025641"	"0.00641025641025641"	"0.057692307692307696"	"0.00641025641025641"	"0.00641025641025641"	"0.00641025641025641"	"0.6987179487179487"	"0.00641025641025641"	"0.00641025641025641"	"0.00641025641025641"
"file:/home/evly/tmt/to_mallet/cs-detection-1_0.txt"	568	"file:/home/evly/tmt/to_mallet/cs-detection-1_0.txt"	"6.510416666666666E-4"	"6.510416666666666E-4"	"6.510416666666666E-4"	"0.4485677083333333"	"6.510416666666666E-4"	"6.510416666666666E-4"	"0.0032552083333333335"	"0.024088541666666668"	"0.005859375"	"6.510416666666666E-4"	"0.12565104166666666"	"0.357421875"	"6.510416666666666E-4"	"6.510416666666666E-4"	"6.510416666666666E-4"	"0.021484375"	"6.510416666666666E-4"	"0.005859375"	"6.510416666666666E-4"	"6.510416666666666E-4"
"file:/home/evly/tmt/to_mallet/cs-detection-1_1.txt"	877	"file:/home/evly/tmt/to_mallet/cs-detection-1_1.txt"	"9.615384615384616E-4"	"9.615384615384616E-4"	"9.615384615384616E-4"	"0.34326923076923077"	"9.615384615384616E-4"	"9.615384615384616E-4"	"9.615384615384616E-4"	"0.0125"	"9.615384615384616E-4"	"0.02403846153846154"	"0.34326923076923077"	"0.18942307692307692"	"0.04326923076923077"	"0.016346153846153847"	"9.615384615384616E-4"	"9.615384615384616E-4"	"9.615384615384616E-4"	"0.004807692307692308"	"0.0125"	"9.615384615384616E-4"
"file:/home/evly/tmt/to_mallet/cs-detection-1_2.txt"	192	"file:/home/evly/tmt/to_mallet/cs-detection-1_2.txt"	"0.0013020833333333333"	"0.022135416666666668"	"0.0013020833333333333"	"0.3658854166666667"	"0.0013020833333333333"	"0.0013020833333333333"	"0.022135416666666668"	"0.0013020833333333333"	"0.0013020833333333333"	"0.0013020833333333333"	"0.3606770833333333"	"0.17838541666666666"	"0.0013020833333333333"	"0.0013020833333333333"	"0.006510416666666667"	"0.0013020833333333333"	"0.0013020833333333333"	"0.016927083333333332"	"0.01171875"	"0.0013020833333333333"
"file:/home/evly/tmt/to_mallet/cs-detection-1_3.txt"	277	"file:/home/evly/tmt/to_mallet/cs-detection-1_3.txt"	"4.0716612377850165E-4"	"4.0716612377850165E-4"	"4.0716612377850165E-4"	"0.36197068403908794"	"0.005293159609120521"	"4.0716612377850165E-4"	"0.0036644951140065146"	"0.019951140065146578"	"0.002035830618892508"	"0.019951140065146578"	"0.18933224755700326"	"0.370114006514658"	"0.008550488599348535"	"4.0716612377850165E-4"	"4.0716612377850165E-4"	"4.0716612377850165E-4"	"0.006921824104234527"	"4.0716612377850165E-4"	"0.008550488599348535"	"4.0716612377850165E-4"
"file:/home/evly/tmt/to_mallet/cs-gauge_0.txt"	383	"file:/home/evly/tmt/to_mallet/cs-gauge_0.txt"	"1.2406947890818859E-4"	"0.19714640198511166"	"0.5291563275434243"	"1.2406947890818859E-4"	"6.203473945409429E-4"	"1.2406947890818859E-4"	"1.2406947890818859E-4"	"0.062158808933002484"	"1.2406947890818859E-4"	"0.055707196029776675"	"0.0075682382133995035"	"0.14205955334987594"	"1.2406947890818859E-4"	"1.2406947890818859E-4"	"1.2406947890818859E-4"	"1.2406947890818859E-4"	"0.004094292803970223"	"1.2406947890818859E-4"	"1.2406947890818859E-4"	"1.2406947890818859E-4"
"file:/home/evly/tmt/to_mallet/cs-gauge_1.txt"	479	"file:/home/evly/tmt/to_mallet/cs-gauge_1.txt"	"1.6149870801033592E-4"	"0.2023578811369509"	"0.5918927648578811"	"1.6149870801033592E-4"	"1.6149870801033592E-4"	"1.6149870801033592E-4"	"1.6149870801033592E-4"	"0.026647286821705425"	"0.005329457364341085"	"0.03827519379844961"	"1.6149870801033592E-4"	"0.09383074935400516"	"1.6149870801033592E-4"	"8.074935400516795E-4"	"0.020833333333333332"	"0.003391472868217054"	"1.6149870801033592E-4"	"1.6149870801033592E-4"	"0.012435400516795866"	"0.0027454780361757104"
"file:/home/evly/tmt/to_mallet/cs-gauge_2.txt"	135	"file:/home/evly/tmt/to_mallet/cs-gauge_2.txt"	"1.9747235387045813E-4"	"0.09972353870458135"	"0.6265797788309637"	"1.9747235387045813E-4"	"0.0017772511848341231"	"1.9747235387045813E-4"	"1.9747235387045813E-4"	"1.9747235387045813E-4"	"1.9747235387045813E-4"	"0.026263823064770934"	"0.012835703001579778"	"0.07602685624012638"	"9.873617693522906E-4"	"0.06970774091627172"	"0.0033570300157977884"	"0.0049368088467614535"	"1.9747235387045813E-4"	"1.9747235387045813E-4"	"0.07523696682464455"	"9.873617693522906E-4"
"file:/home/evly/tmt/to_mallet/cs-gauge_3.txt"	623	"file:/home/evly/tmt/to_mallet/cs-gauge_3.txt"	"0.013031914893617021"	"0.11622340425531914"	"0.49601063829787234"	"2.6595744680851064E-4"	"2.6595744680851064E-4"	"2.6595744680851064E-4"	"2.6595744680851064E-4"	"2.6595744680851064E-4"	"2.6595744680851064E-4"	"0.009840425531914894"	"0.026861702127659575"	"0.14707446808510638"	"2.6595744680851064E-4"	"0.023670212765957446"	"0.13962765957446807"	"0.015159574468085106"	"0.0023936170212765957"	"2.6595744680851064E-4"	"0.007712765957446808"	"2.6595744680851064E-4"
"file:/home/evly/tmt/to_mallet/cs-gauge_4.txt"	813	"file:/home/evly/tmt/to_mallet/cs-gauge_4.txt"	"0.008012820512820512"	"0.052884615384615384"	"0.5208333333333334"	"0.008012820512820512"	"0.0016025641025641025"	"0.0016025641025641025"	"0.0016025641025641025"	"0.0016025641025641025"	"0.014423076923076924"	"0.0016025641025641025"	"0.046474358974358976"	"0.3092948717948718"	"0.0016025641025641025"	"0.0016025641025641025"	"0.0016025641025641025"	"0.0016025641025641025"	"0.014423076923076924"	"0.008012820512820512"	"0.0016025641025641025"	"0.0016025641025641025"
"file:/home/evly/tmt/to_mallet/cs-gauge_5.txt"	124	"file:/home/evly/tmt/to_mallet/cs-gauge_5.txt"	"0.04447115384615385"	"0.28966346153846156"	"0.35697115384615385"	"0.001201923076923077"	"0.025240384615384616"	"0.001201923076923077"	"0.001201923076923077"	"0.001201923076923077"	"0.001201923076923077"	"0.006009615384615385"	"0.001201923076923077"	"0.16947115384615385"	"0.03485576923076923"	"0.001201923076923077"	"0.04447115384615385"	"0.001201923076923077"	"0.001201923076923077"	"0.015625"	"0.001201923076923077"	"0.001201923076923077"
"file:/home/evly/tmt/to_mallet/cs-gauge_6.txt"	827	"file:/home/evly/tmt/to_mallet/cs-gauge_6.txt"	"0.07960893854748603"	"0.006983240223463687"	"0.45391061452513964"	"0.0013966480446927375"	"0.0013966480446927375"	"0.006983240223463687"	"0.012569832402234637"	"0.046089385474860335"	"0.012569832402234637"	"0.012569832402234637"	"0.051675977653631286"	"0.2639664804469274"	"0.006983240223463687"	"0.0013966480446927375"	"0.0013966480446927375"	"0.0013966480446927375"	"0.0013966480446927375"	"0.018156424581005588"	"0.006983240223463687"	"0.012569832402234637"
"file:/home/evly/tmt/to_mallet/cs-gauge_7.txt"	607	"file:/home/evly/tmt/to_mallet/cs-gauge_7.txt"	"0.0024271844660194173"	"0.0412621359223301"	"0.1966019417475728"	"0.012135922330097087"	"0.0024271844660194173"	"0.0024271844660194173"	"0.012135922330097087"	"0.021844660194174758"	"0.0024271844660194173"	"0.0024271844660194173"	"0.021844660194174758"	"0.662621359223301"	"0.0024271844660194173"	"0.0024271844660194173"	"0.0024271844660194173"	"0.0024271844660194173"	"0.0024271844660194173"	"0.0024271844660194173"	"0.0024271844660194173"	"0.0024271844660194173"
"file:/home/evly/tmt/to_mallet/cs-gauge_8.txt"	530	"file:/home/evly/tmt/to_mallet/cs-gauge_8.txt"	"0.006793478260869565"	"0.09918478260869565"	"0.4578804347826087"	"0.001358695652173913"	"0.001358695652173913"	"0.017663043478260868"	"0.001358695652173913"	"0.033967391304347824"	"0.001358695652173913"	"0.012228260869565218"	"0.001358695652173913"	"0.18070652173913043"	"0.001358695652173913"	"0.15896739130434784"	"0.001358695652173913"	"0.001358695652173913"	"0.001358695652173913"	"0.001358695652173913"	"0.017663043478260868"	"0.001358695652173913"
"file:/home/evly/tmt/to_mallet/cs-gauge_9.txt"	558	"file:/home/evly/tmt/to_mallet/cs-gauge_9.txt"	"0.017857142857142856"	"0.0035714285714285713"	"0.3607142857142857"	"0.017857142857142856"	"0.0035714285714285713"	"0.017857142857142856"	"0.0035714285714285713"	"0.017857142857142856"	"0.04642857142857143"	"0.017857142857142856"	"0.0035714285714285713"	"0.0035714285714285713"	"0.0035714285714285713"	"0.04642857142857143"	"0.0035714285714285713"	"0.03214285714285714"	"0.3607142857142857"	"0.0035714285714285713"	"0.03214285714285714"	"0.0035714285714285713"
"file:/home/evly/tmt/to_mallet/cs-jsc-100526_0.txt"	559	"file:/home/evly/tmt/to_mallet/cs-jsc-100526_0.txt"	"0.002566735112936345"	"5.13347022587269E-4"	"0.002566735112936345"	"0.029260780287474333"	"0.002566735112936345"	"0.0662217659137577"	"0.012833675564681724"	"0.043634496919917866"	"0.6083162217659137"	"0.004620123203285421"	"0.002566735112936345"	"0.21406570841889117"	"5.13347022587269E-4"	"5.13347022587269E-4"	"5.13347022587269E-4"	"5.13347022587269E-4"	"0.002566735112936345"	"5.13347022587269E-4"	"5.13347022587269E-4"	"0.004620123203285421"
"file:/home/evly/tmt/to_mallet/cs-jsc-100526_1.txt"	901	"file:/home/evly/tmt/to_mallet/cs-jsc-100526_1.txt"	"0.001004016064257028"	"0.001004016064257028"	"0.001004016064257028"	"0.0050200803212851405"	"0.001004016064257028"	"0.029116465863453816"	"0.001004016064257028"	"0.03313253012048193"	"0.2700803212851406"	"0.001004016064257028"	"0.6275100401606426"	"0.001004016064257028"	"0.02108433734939759"	"0.001004016064257028"	"0.001004016064257028"	"0.001004016064257028"	"0.001004016064257028"	"0.001004016064257028"	"0.001004016064257028"	"0.001004016064257028"
"file:/home/evly/tmt/to_mallet/cs-jsc-100526_2.txt"	696	"file:/home/evly/tmt/to_mallet/cs-jsc-100526_2.txt"	"0.002170138888888889"	"4.3402777777777775E-4"	"4.3402777777777775E-4"	"4.3402777777777775E-4"	"0.002170138888888889"	"0.005642361111111111"	"4.3402777777777775E-4"	"0.021267361111111112"	"0.4813368055555556"	"4.3402777777777775E-4"	"0.4240451388888889"	"0.054253472222222224"	"4.3402777777777775E-4"	"0.002170138888888889"	"0.002170138888888889"	"4.3402777777777775E-4"	"4.3402777777777775E-4"	"4.3402777777777775E-4"	"4.3402777777777775E-4"	"4.3402777777777775E-4"
"file:/home/evly/tmt/to_mallet/cs-jsc-100526_3.txt"	712	"file:/home/evly/tmt/to_mallet/cs-jsc-100526_3.txt"	"2.074688796680498E-4"	"2.074688796680498E-4"	"0.0018672199170124482"	"2.074688796680498E-4"	"2.074688796680498E-4"	"0.014315352697095435"	"2.074688796680498E-4"	"2.074688796680498E-4"	"0.6392116182572614"	"0.007676348547717842"	"0.27323651452282155"	"0.06078838174273859"	"2.074688796680498E-4"	"2.074688796680498E-4"	"2.074688796680498E-4"	"2.074688796680498E-4"	"2.074688796680498E-4"	"2.074688796680498E-4"	"2.074688796680498E-4"	"2.074688796680498E-4"
"file:/home/evly/tmt/to_mallet/cs-jsc-100526_4.txt"	43	"file:/home/evly/tmt/to_mallet/cs-jsc-100526_4.txt"	"3.045066991473812E-4"	"3.045066991473812E-4"	"3.045066991473812E-4"	"3.045066991473812E-4"	"3.045066991473812E-4"	"3.045066991473812E-4"	"3.045066991473812E-4"	"3.045066991473812E-4"	"0.6470767356881851"	"0.01492082825822168"	"0.25365408038976855"	"0.0746041412911084"	"3.045066991473812E-4"	"3.045066991473812E-4"	"3.045066991473812E-4"	"3.045066991473812E-4"	"3.045066991473812E-4"	"0.003958587088915956"	"0.0015225334957369061"	"3.045066991473812E-4"
"file:/home/evly/tmt/to_mallet/cs-jsc-100526_5.txt"	617	"file:/home/evly/tmt/to_mallet/cs-jsc-100526_5.txt"	"2.5826446280991736E-4"	"0.0023243801652892563"	"2.5826446280991736E-4"	"0.09323347107438017"	"0.03744834710743802"	"0.01265495867768595"	"0.015754132231404958"	"2.5826446280991736E-4"	"0.5942665289256198"	"0.027117768595041322"	"2.5826446280991736E-4"	"0.18517561983471073"	"0.014721074380165289"	"2.5826446280991736E-4"	"2.5826446280991736E-4"	"0.009555785123966942"	"2.5826446280991736E-4"	"0.0012913223140495868"	"0.004390495867768595"	"2.5826446280991736E-4"
"file:/home/evly/tmt/to_mallet/cs-jsc-100526_6.txt"	454	"file:/home/evly/tmt/to_mallet/cs-jsc-100526_6.txt"	"0.001838235294117647"	"0.001838235294117647"	"0.001838235294117647"	"0.06801470588235294"	"0.03125"	"0.04595588235294118"	"0.001838235294117647"	"0.03860294117647059"	"0.4650735294117647"	"0.001838235294117647"	"0.001838235294117647"	"0.2665441176470588"	"0.016544117647058824"	"0.001838235294117647"	"0.001838235294117647"	"0.001838235294117647"	"0.03860294117647059"	"0.001838235294117647"	"0.001838235294117647"	"0.009191176470588236"
"file:/home/evly/tmt/to_mallet/cs-la-pr-pm-adndt_0.txt"	322	"file:/home/evly/tmt/to_mallet/cs-la-pr-pm-adndt_0.txt"	"9.881422924901185E-4"	"9.881422924901185E-4"	"0.012845849802371542"	"0.004940711462450593"	"9.881422924901185E-4"	"9.881422924901185E-4"	"0.004940711462450593"	"9.881422924901185E-4"	"9.881422924901185E-4"	"0.044466403162055336"	"0.008893280632411068"	"0.17094861660079053"	"0.008893280632411068"	"0.02865612648221344"	"9.881422924901185E-4"	"9.881422924901185E-4"	"0.6887351778656127"	"0.008893280632411068"	"9.881422924901185E-4"	"0.008893280632411068"
"file:/home/evly/tmt/to_mallet/cs-la-pr-pm-adndt_1.txt"	670	"file:/home/evly/tmt/to_mallet/cs-la-pr-pm-adndt_1.txt"	"0.005797444391859915"	"0.011476573592049219"	"0.0015380974917179365"	"0.011003312825366778"	"1.183151916706105E-4"	"5.915759583530525E-4"	"0.006743965925224799"	"1.183151916706105E-4"	"1.183151916706105E-4"	"0.047444391859914815"	"0.0015380974917179365"	"0.05359678182678656"	"0.014316138192143871"	"0.006270705158542357"	"1.183151916706105E-4"	"1.183151916706105E-4"	"0.8283246568859441"	"1.183151916706105E-4"	"0.004850922858495031"	"0.005797444391859915"
"file:/home/evly/tmt/to_mallet/cs-la-pr-pm-adndt_2.txt"	770	"file:/home/evly/tmt/to_mallet/cs-la-pr-pm-adndt_2.txt"	"1.3550135501355014E-4"	"0.006097560975609756"	"1.3550135501355014E-4"	"0.0012195121951219512"	"1.3550135501355014E-4"	"1.3550135501355014E-4"	"0.01043360433604336"	"0.0012195121951219512"	"1.3550135501355014E-4"	"0.02994579945799458"	"1.3550135501355014E-4"	"0.055420054200542"	"0.007181571815718157"	"1.3550135501355014E-4"	"1.3550135501355014E-4"	"0.0033875338753387536"	"0.8489159891598916"	"0.0012195121951219512"	"0.008807588075880758"	"0.025067750677506776"
"file:/home/evly/tmt/to_mallet/cs-la-pr-pm-adndt_3.txt"	270	"file:/home/evly/tmt/to_mallet/cs-la-pr-pm-adndt_3.txt"	"7.134703196347032E-4"	"0.009275114155251141"	"1.4269406392694063E-4"	"0.0024257990867579907"	"1.4269406392694063E-4"	"7.134703196347032E-4"	"0.011558219178082191"	"7.134703196347032E-4"	"1.4269406392694063E-4"	"0.010987442922374429"	"7.134703196347032E-4"	"0.048087899543379"	"0.0029965753424657533"	"0.0024257990867579907"	"1.4269406392694063E-4"	"7.134703196347032E-4"	"0.8905536529680366"	"1.4269406392694063E-4"	"0.006421232876712328"	"0.010987442922374429"
"file:/home/evly/tmt/to_mallet/cs-la-pr-pm-adndt_4.txt"	625	"file:/home/evly/tmt/to_mallet/cs-la-pr-pm-adndt_4.txt"	"1.4245014245014244E-4"	"0.014957264957264958"	"7.122507122507123E-4"	"1.4245014245014244E-4"	"7.122507122507123E-4"	"0.004131054131054131"	"0.018376068376068377"	"1.4245014245014244E-4"	"1.4245014245014244E-4"	"0.024643874643874644"	"1.4245014245014244E-4"	"0.054843304843304845"	"1.4245014245014244E-4"	"0.005270655270655271"	"1.4245014245014244E-4"	"0.001282051282051282"	"0.8571225071225071"	"1.4245014245014244E-4"	"0.013247863247863248"	"0.0035612535612535613"
"file:/home/evly/tmt/to_mallet/cs-la-pr-pm-adndt_5.txt"	563	"file:/home/evly/tmt/to_mallet/cs-la-pr-pm-adndt_5.txt"	"0.0030864197530864196"	"0.0030864197530864196"	"0.0030864197530864196"	"0.0030864197530864196"	"0.0030864197530864196"	"0.0030864197530864196"	"0.0030864197530864196"	"0.0030864197530864196"	"0.0030864197530864196"	"0.0030864197530864196"	"0.0030864197530864196"	"0.1388888888888889"	"0.0030864197530864196"	"0.015432098765432098"	"0.0030864197530864196"	"0.0030864197530864196"	"0.7808641975308642"	"0.015432098765432098"	"0.0030864197530864196"	"0.0030864197530864196"
"file:/home/evly/tmt/to_mallet/cs-la-pr-pm-adndt_6.txt"	646	"file:/home/evly/tmt/to_mallet/cs-la-pr-pm-adndt_6.txt"	"0.013888888888888888"	"0.013888888888888888"	"0.013888888888888888"	"0.013888888888888888"	"0.013888888888888888"	"0.013888888888888888"	"0.013888888888888888"	"0.013888888888888888"	"0.06944444444444445"	"0.013888888888888888"	"0.013888888888888888"	"0.013888888888888888"	"0.013888888888888888"	"0.013888888888888888"	"0.013888888888888888"	"0.013888888888888888"	"0.6805555555555556"	"0.013888888888888888"	"0.013888888888888888"	"0.013888888888888888"
"file:/home/evly/tmt/to_mallet/cs-la-pr-pm-adndt_7.txt"	381	"file:/home/evly/tmt/to_mallet/cs-la-pr-pm-adndt_7.txt"	"3.176620076238882E-4"	"3.176620076238882E-4"	"3.176620076238882E-4"	"3.176620076238882E-4"	"3.176620076238882E-4"	"3.176620076238882E-4"	"0.0015883100381194409"	"3.176620076238882E-4"	"3.176620076238882E-4"	"3.176620076238882E-4"	"3.176620076238882E-4"	"3.176620076238882E-4"	"3.176620076238882E-4"	"3.176620076238882E-4"	"3.176620076238882E-4"	"3.176620076238882E-4"	"0.9926937738246506"	"3.176620076238882E-4"	"3.176620076238882E-4"	"3.176620076238882E-4"
"file:/home/evly/tmt/to_mallet/cs-network_0.txt"	794	"file:/home/evly/tmt/to_mallet/cs-network_0.txt"	"6.963788300835655E-4"	"6.963788300835655E-4"	"0.003481894150417827"	"0.38231197771587744"	"6.963788300835655E-4"	"6.963788300835655E-4"	"0.003481894150417827"	"0.009052924791086351"	"0.009052924791086351"	"6.963788300835655E-4"	"0.006267409470752089"	"0.38231197771587744"	"0.1733983286908078"	"6.963788300835655E-4"	"6.963788300835655E-4"	"6.963788300835655E-4"	"0.0201949860724234"	"6.963788300835655E-4"	"6.963788300835655E-4"	"0.003481894150417827"
"file:/home/evly/tmt/to_mallet/cs-network_1.txt"	886	"file:/home/evly/tmt/to_mallet/cs-network_1.txt"	"3.61271676300578E-4"	"3.61271676300578E-4"	"0.0018063583815028901"	"0.5682803468208093"	"0.006141618497109827"	"3.61271676300578E-4"	"3.61271676300578E-4"	"0.024927745664739886"	"3.61271676300578E-4"	"0.0018063583815028901"	"0.24313583815028902"	"0.1448699421965318"	"3.61271676300578E-4"	"0.004696531791907515"	"3.61271676300578E-4"	"3.61271676300578E-4"	"3.61271676300578E-4"	"3.61271676300578E-4"	"3.61271676300578E-4"	"3.61271676300578E-4"
"file:/home/evly/tmt/to_mallet/cs-network_2.txt"	611	"file:/home/evly/tmt/to_mallet/cs-network_2.txt"	"0.001846381093057607"	"0.001846381093057607"	"0.006277695716395864"	"0.595642540620384"	"0.01070901033973412"	"0.009231905465288036"	"0.03581979320531758"	"3.6927621861152144E-4"	"0.13921713441654357"	"0.0048005908419497785"	"0.044682422451994094"	"0.12887740029542097"	"0.0033234859675036928"	"0.00775480059084195"	"3.6927621861152144E-4"	"3.6927621861152144E-4"	"0.00775480059084195"	"3.6927621861152144E-4"	"3.6927621861152144E-4"	"3.6927621861152144E-4"
"file:/home/evly/tmt/to_mallet/cs-network_3.txt"	446	"file:/home/evly/tmt/to_mallet/cs-network_3.txt"	"0.0020096463022508037"	"4.0192926045016077E-4"	"4.0192926045016077E-4"	"0.6097266881028939"	"0.013263665594855305"	"4.0192926045016077E-4"	"0.0020096463022508037"	"4.0192926045016077E-4"	"4.0192926045016077E-4"	"4.0192926045016077E-4"	"0.12419614147909967"	"0.19332797427652734"	"0.02612540192926045"	"4.0192926045016077E-4"	"4.0192926045016077E-4"	"4.0192926045016077E-4"	"4.0192926045016077E-4"	"0.0020096463022508037"	"0.022909967845659164"	"4.0192926045016077E-4"
"file:/home/evly/tmt/to_mallet/cs-network_4.txt"	845	"file:/home/evly/tmt/to_mallet/cs-network_4.txt"	"0.0011984659635666348"	"0.01174496644295302"	"0.0011984659635666348"	"0.3540268456375839"	"0.004074784276126558"	"0.008868648130393097"	"2.3969319271332693E-4"	"0.004074784276126558"	"0.0011984659635666348"	"0.047219558964525406"	"0.04338446788111218"	"0.12296260786193672"	"0.38854266538830295"	"0.0021572387344199425"	"2.3969319271332693E-4"	"2.3969319271332693E-4"	"2.3969319271332693E-4"	"0.0011984659635666348"	"2.3969319271332693E-4"	"0.006951102588686481"
"file:/home/evly/tmt/to_mallet/cs-network_5.txt"	715	"file:/home/evly/tmt/to_mallet/cs-network_5.txt"	"7.309941520467836E-4"	"0.006578947368421052"	"7.309941520467836E-4"	"0.6235380116959064"	"0.003654970760233918"	"0.10599415204678363"	"0.003654970760233918"	"0.006578947368421052"	"0.015350877192982455"	"0.003654970760233918"	"0.021198830409356724"	"0.10599415204678363"	"0.08845029239766082"	"7.309941520467836E-4"	"0.009502923976608187"	"7.309941520467836E-4"	"7.309941520467836E-4"	"7.309941520467836E-4"	"7.309941520467836E-4"	"7.309941520467836E-4"
"file:/home/evly/tmt/to_mallet/cs-network_6.txt"	688	"file:/home/evly/tmt/to_mallet/cs-network_6.txt"	"0.0037085514834205935"	"0.015052356020942409"	"0.0010907504363001745"	"0.7349476439790575"	"0.049956369982547995"	"2.181500872600349E-4"	"2.181500872600349E-4"	"0.001963350785340314"	"2.181500872600349E-4"	"0.016797556719022687"	"0.012434554973821989"	"0.1555410122164049"	"0.0037085514834205935"	"2.181500872600349E-4"	"2.181500872600349E-4"	"2.181500872600349E-4"	"2.181500872600349E-4"	"2.181500872600349E-4"	"2.181500872600349E-4"	"0.0028359511343804536"
"file:/home/evly/tmt/to_mallet/cs-network_7.txt"	468	"file:/home/evly/tmt/to_mallet/cs-network_7.txt"	"0.03125"	"0.03125"	"0.03125"	"0.28125"	"0.03125"	"0.03125"	"0.03125"	"0.03125"	"0.03125"	"0.03125"	"0.03125"	"0.03125"	"0.15625"	"0.03125"	"0.03125"	"0.03125"	"0.03125"	"0.03125"	"0.03125"	"0.03125"
"file:/home/evly/tmt/to_mallet/cs-network_8.txt"	707	"file:/home/evly/tmt/to_mallet/cs-network_8.txt"	"0.05921052631578947"	"0.006578947368421052"	"0.03289473684210526"	"0.16447368421052633"	"0.006578947368421052"	"0.006578947368421052"	"0.006578947368421052"	"0.05921052631578947"	"0.006578947368421052"	"0.006578947368421052"	"0.006578947368421052"	"0.4276315789473684"	"0.08552631578947369"	"0.006578947368421052"	"0.05921052631578947"	"0.006578947368421052"	"0.03289473684210526"	"0.006578947368421052"	"0.006578947368421052"	"0.006578947368421052"
"file:/home/evly/tmt/to_mallet/cs-shadow-v2_0.txt"	179	"file:/home/evly/tmt/to_mallet/cs-shadow-v2_0.txt"	"6.28140703517588E-4"	"6.28140703517588E-4"	"0.09108040201005026"	"6.28140703517588E-4"	"6.28140703517588E-4"	"6.28140703517588E-4"	"6.28140703517588E-4"	"0.417713567839196"	"6.28140703517588E-4"	"0.055904522613065326"	"6.28140703517588E-4"	"0.3046482412060301"	"0.00314070351758794"	"0.04334170854271357"	"6.28140703517588E-4"	"0.035804020100502515"	"6.28140703517588E-4"	"6.28140703517588E-4"	"0.038316582914572864"	"0.00314070351758794"
"file:/home/evly/tmt/to_mallet/cs-shadow-v2_1.txt"	313	"file:/home/evly/tmt/to_mallet/cs-shadow-v2_1.txt"	"0.007022471910112359"	"0.007022471910112359"	"0.2205056179775281"	"0.0014044943820224719"	"0.0014044943820224719"	"0.0014044943820224719"	"0.023876404494382022"	"0.5294943820224719"	"0.0014044943820224719"	"0.0014044943820224719"	"0.0014044943820224719"	"0.15870786516853932"	"0.0014044943820224719"	"0.023876404494382022"	"0.0014044943820224719"	"0.0014044943820224719"	"0.0014044943820224719"	"0.012640449438202247"	"0.0014044943820224719"	"0.0014044943820224719"
"file:/home/evly/tmt/to_mallet/cs-shadow-v2_2.txt"	11	"file:/home/evly/tmt/to_mallet/cs-shadow-v2_2.txt"	"4.496402877697842E-4"	"0.016636690647482015"	"0.005845323741007194"	"4.496402877697842E-4"	"4.496402877697842E-4"	"4.496402877697842E-4"	"0.03821942446043165"	"0.4033273381294964"	"4.496402877697842E-4"	"0.306205035971223"	"0.07059352517985612"	"0.12275179856115108"	"4.496402877697842E-4"	"0.0022482014388489208"	"4.496402877697842E-4"	"4.496402877697842E-4"	"4.496402877697842E-4"	"4.496402877697842E-4"	"0.011241007194244604"	"0.01843525179856115"
"file:/home/evly/tmt/to_mallet/cs-shadow-v2_3.txt"	477	"file:/home/evly/tmt/to_mallet/cs-shadow-v2_3.txt"	"6.868131868131869E-4"	"6.868131868131869E-4"	"0.003434065934065934"	"6.868131868131869E-4"	"6.868131868131869E-4"	"6.868131868131869E-4"	"6.868131868131869E-4"	"0.36881868131868134"	"6.868131868131869E-4"	"0.5116758241758241"	"0.04189560439560439"	"0.022664835164835164"	"6.868131868131869E-4"	"6.868131868131869E-4"	"6.868131868131869E-4"	"0.003434065934065934"	"0.003434065934065934"	"6.868131868131869E-4"	"0.011675824175824176"	"0.025412087912087912"
"file:/home/evly/tmt/to_mallet/cs-shadow-v2_4.txt"	223	"file:/home/evly/tmt/to_mallet/cs-shadow-v2_4.txt"	"8.650519031141869E-4"	"8.650519031141869E-4"	"0.007785467128027681"	"0.01124567474048443"	"8.650519031141869E-4"	"0.004325259515570935"	"0.004325259515570935"	"0.3884083044982699"	"8.650519031141869E-4"	"0.14619377162629757"	"0.004325259515570935"	"0.23269896193771628"	"8.650519031141869E-4"	"0.07006920415224914"	"8.650519031141869E-4"	"0.08737024221453288"	"8.650519031141869E-4"	"0.004325259515570935"	"0.028546712802768166"	"0.004325259515570935"
"file:/home/evly/tmt/to_mallet/cs0701004_0.txt"	801	"file:/home/evly/tmt/to_mallet/cs0701004_0.txt"	"8.064516129032258E-4"	"8.064516129032258E-4"	"0.029838709677419355"	"0.1782258064516129"	"0.3975806451612903"	"8.064516129032258E-4"	"0.007258064516129033"	"0.004032258064516129"	"0.02661290322580645"	"8.064516129032258E-4"	"0.04596774193548387"	"0.10725806451612903"	"8.064516129032258E-4"	"0.004032258064516129"	"8.064516129032258E-4"	"8.064516129032258E-4"	"0.016935483870967744"	"0.175"	"8.064516129032258E-4"	"8.064516129032258E-4"
"file:/home/evly/tmt/to_mallet/cs0701004_1.txt"	394	"file:/home/evly/tmt/to_mallet/cs0701004_1.txt"	"5.01002004008016E-4"	"0.00250501002004008"	"5.01002004008016E-4"	"0.006513026052104208"	"0.44939879759519036"	"0.0045090180360721445"	"5.01002004008016E-4"	"0.00250501002004008"	"5.01002004008016E-4"	"5.01002004008016E-4"	"0.28306613226452904"	"0.11272545090180361"	"0.020541082164328657"	"0.00250501002004008"	"5.01002004008016E-4"	"0.00250501002004008"	"5.01002004008016E-4"	"0.10671342685370741"	"5.01002004008016E-4"	"0.00250501002004008"
"file:/home/evly/tmt/to_mallet/cs0701004_2.txt"	865	"file:/home/evly/tmt/to_mallet/cs0701004_2.txt"	"5.813953488372093E-4"	"5.813953488372093E-4"	"5.813953488372093E-4"	"5.813953488372093E-4"	"0.2819767441860465"	"0.13313953488372093"	"0.0029069767441860465"	"0.0029069767441860465"	"0.012209302325581395"	"0.0029069767441860465"	"0.5191860465116279"	"0.01918604651162791"	"5.813953488372093E-4"	"0.0029069767441860465"	"5.813953488372093E-4"	"0.005232558139534884"	"5.813953488372093E-4"	"0.009883720930232558"	"5.813953488372093E-4"	"0.0029069767441860465"
"file:/home/evly/tmt/to_mallet/cs0701004_3.txt"	224	"file:/home/evly/tmt/to_mallet/cs0701004_3.txt"	"6.983240223463687E-4"	"6.983240223463687E-4"	"6.983240223463687E-4"	"0.05935754189944134"	"0.20460893854748605"	"0.05935754189944134"	"6.983240223463687E-4"	"6.983240223463687E-4"	"6.983240223463687E-4"	"6.983240223463687E-4"	"0.6571229050279329"	"6.983240223463687E-4"	"0.0034916201117318434"	"6.983240223463687E-4"	"6.983240223463687E-4"	"6.983240223463687E-4"	"6.983240223463687E-4"	"6.983240223463687E-4"	"6.983240223463687E-4"	"0.006284916201117319"
"file:/home/evly/tmt/to_mallet/cs0701004_4.txt"	366	"file:/home/evly/tmt/to_mallet/cs0701004_4.txt"	"8.417508417508417E-4"	"8.417508417508417E-4"	"8.417508417508417E-4"	"0.02441077441077441"	"0.3207070707070707"	"8.417508417508417E-4"	"0.021043771043771045"	"8.417508417508417E-4"	"8.417508417508417E-4"	"8.417508417508417E-4"	"0.6102693602693603"	"8.417508417508417E-4"	"0.004208754208754209"	"8.417508417508417E-4"	"8.417508417508417E-4"	"0.004208754208754209"	"8.417508417508417E-4"	"0.004208754208754209"	"8.417508417508417E-4"	"8.417508417508417E-4"
"file:/home/evly/tmt/to_mallet/cs0701004_5.txt"	244	"file:/home/evly/tmt/to_mallet/cs0701004_5.txt"	"0.0036290322580645163"	"4.032258064516129E-4"	"4.032258064516129E-4"	"0.008467741935483872"	"0.42620967741935484"	"0.0020161290322580645"	"4.032258064516129E-4"	"4.032258064516129E-4"	"0.01975806451612903"	"4.032258064516129E-4"	"0.4713709677419355"	"0.05524193548387097"	"4.032258064516129E-4"	"4.032258064516129E-4"	"4.032258064516129E-4"	"4.032258064516129E-4"	"0.0020161290322580645"	"0.0068548387096774195"	"4.032258064516129E-4"	"4.032258064516129E-4"
"file:/home/evly/tmt/to_mallet/cs0701023_0.txt"	491	"file:/home/evly/tmt/to_mallet/cs0701023_0.txt"	"0.001937984496124031"	"0.001937984496124031"	"0.001937984496124031"	"0.39728682170542634"	"0.10271317829457365"	"0.001937984496124031"	"0.001937984496124031"	"0.001937984496124031"	"0.040697674418604654"	"0.009689922480620155"	"0.09496124031007752"	"0.2655038759689923"	"0.001937984496124031"	"0.001937984496124031"	"0.001937984496124031"	"0.001937984496124031"	"0.03294573643410853"	"0.03294573643410853"	"0.001937984496124031"	"0.001937984496124031"
"file:/home/evly/tmt/to_mallet/cs0701023_1.txt"	511	"file:/home/evly/tmt/to_mallet/cs0701023_1.txt"	"0.0016666666666666668"	"0.0016666666666666668"	"0.0016666666666666668"	"0.4216666666666667"	"0.135"	"0.0016666666666666668"	"0.021666666666666667"	"0.041666666666666664"	"0.0016666666666666668"	"0.0016666666666666668"	"0.3416666666666667"	"0.0016666666666666668"	"0.0016666666666666668"	"0.008333333333333333"	"0.0016666666666666668"	"0.0016666666666666668"	"0.0016666666666666668"	"0.008333333333333333"	"0.0016666666666666668"	"0.0016666666666666668"
"file:/home/evly/tmt/to_mallet/cs0701023_2.txt"	199	"file:/home/evly/tmt/to_mallet/cs0701023_2.txt"	"0.0010869565217391304"	"0.0010869565217391304"	"0.0010869565217391304"	"0.6184782608695653"	"0.0010869565217391304"	"0.0010869565217391304"	"0.0010869565217391304"	"0.0010869565217391304"	"0.0010869565217391304"	"0.0010869565217391304"	"0.23152173913043478"	"0.13152173913043477"	"0.0010869565217391304"	"0.0010869565217391304"	"0.0010869565217391304"	"0.0010869565217391304"	"0.0010869565217391304"	"0.0010869565217391304"	"0.0010869565217391304"	"0.0010869565217391304"
"file:/home/evly/tmt/to_mallet/cs0701023_3.txt"	603	"file:/home/evly/tmt/to_mallet/cs0701023_3.txt"	"5.274261603375527E-4"	"5.274261603375527E-4"	"5.274261603375527E-4"	"0.5216244725738397"	"0.07014767932489452"	"0.0026371308016877636"	"5.274261603375527E-4"	"5.274261603375527E-4"	"5.274261603375527E-4"	"5.274261603375527E-4"	"0.28744725738396626"	"0.09546413502109705"	"5.274261603375527E-4"	"5.274261603375527E-4"	"5.274261603375527E-4"	"5.274261603375527E-4"	"5.274261603375527E-4"	"0.01529535864978903"	"5.274261603375527E-4"	"5.274261603375527E-4"
"file:/home/evly/tmt/to_mallet/cs0701023_4.txt"	257	"file:/home/evly/tmt/to_mallet/cs0701023_4.txt"	"0.0015723270440251573"	"0.0015723270440251573"	"0.020440251572327043"	"0.5110062893081762"	"0.10849056603773585"	"0.0015723270440251573"	"0.0015723270440251573"	"0.0015723270440251573"	"0.03930817610062893"	"0.0015723270440251573"	"0.08962264150943396"	"0.12735849056603774"	"0.04559748427672956"	"0.0015723270440251573"	"0.0015723270440251573"	"0.0015723270440251573"	"0.014150943396226415"	"0.026729559748427674"	"0.0015723270440251573"	"0.0015723270440251573"
"file:/home/evly/tmt/to_mallet/cs0701023_5.txt"	838	"file:/home/evly/tmt/to_mallet/cs0701023_5.txt"	"0.00423728813559322"	"0.00423728813559322"	"0.00423728813559322"	"0.3601694915254237"	"0.1059322033898305"	"0.0211864406779661"	"0.00423728813559322"	"0.00423728813559322"	"0.1228813559322034"	"0.00423728813559322"	"0.2076271186440678"	"0.00423728813559322"	"0.05508474576271186"	"0.00423728813559322"	"0.00423728813559322"	"0.0211864406779661"	"0.00423728813559322"	"0.00423728813559322"	"0.05508474576271186"	"0.00423728813559322"
"file:/home/evly/tmt/to_mallet/cs0701023_6.txt"	737	"file:/home/evly/tmt/to_mallet/cs0701023_6.txt"	"0.001984126984126984"	"0.001984126984126984"	"0.001984126984126984"	"0.5337301587301587"	"0.017857142857142856"	"0.001984126984126984"	"0.001984126984126984"	"0.001984126984126984"	"0.03373015873015873"	"0.017857142857142856"	"0.3353174603174603"	"0.017857142857142856"	"0.001984126984126984"	"0.001984126984126984"	"0.001984126984126984"	"0.001984126984126984"	"0.001984126984126984"	"0.001984126984126984"	"0.001984126984126984"	"0.017857142857142856"
"file:/home/evly/tmt/to_mallet/cs0701023_7.txt"	312	"file:/home/evly/tmt/to_mallet/cs0701023_7.txt"	"0.003472222222222222"	"0.003472222222222222"	"0.003472222222222222"	"0.53125"	"0.11458333333333333"	"0.003472222222222222"	"0.003472222222222222"	"0.003472222222222222"	"0.03125"	"0.003472222222222222"	"0.003472222222222222"	"0.1701388888888889"	"0.003472222222222222"	"0.07291666666666667"	"0.003472222222222222"	"0.003472222222222222"	"0.003472222222222222"	"0.03125"	"0.003472222222222222"	"0.003472222222222222"
"file:/home/evly/tmt/to_mallet/cs0701036_0.txt"	399	"file:/home/evly/tmt/to_mallet/cs0701036_0.txt"	"7.530120481927711E-4"	"0.08509036144578314"	"7.530120481927711E-4"	"0.10015060240963855"	"0.08207831325301204"	"0.04292168674698795"	"0.009789156626506024"	"7.530120481927711E-4"	"7.530120481927711E-4"	"7.530120481927711E-4"	"0.039909638554216864"	"0.29292168674698793"	"0.0338855421686747"	"7.530120481927711E-4"	"7.530120481927711E-4"	"0.0037650602409638554"	"7.530120481927711E-4"	"0.3019578313253012"	"7.530120481927711E-4"	"7.530120481927711E-4"
"file:/home/evly/tmt/to_mallet/cs0701036_1.txt"	755	"file:/home/evly/tmt/to_mallet/cs0701036_1.txt"	"3.3068783068783067E-4"	"0.022817460317460316"	"0.0016534391534391533"	"0.12863756613756613"	"0.08234126984126984"	"0.0333994708994709"	"3.3068783068783067E-4"	"0.0016534391534391533"	"3.3068783068783067E-4"	"0.012235449735449735"	"0.26884920634920634"	"0.11937830687830688"	"0.0016534391534391533"	"3.3068783068783067E-4"	"3.3068783068783067E-4"	"3.3068783068783067E-4"	"3.3068783068783067E-4"	"0.28869047619047616"	"3.3068783068783067E-4"	"0.036044973544973546"
